0 2
1 2
2 1
3 0
4 2
5 1
6 1
7 0
8 2
9 0
10 2
11 0
12 1
13 2
14 2
15 2
16 1
17 1
18 0
19 1
20 2
21 2
22 1
23 0
24 2
25 2
26 1
27 2
28 0
29 1
30 0
31 0
32 2
33 1
34 0
35 0
36 0
37 0
38 0
39 0
40 2
41 0
42 0
43 0
44 2
45 2
46 1
47 2
48 1
49 1
50 2
51 0
52 2
53 2
54 0
55 0
56 1
57 0
58 2
59 0
60 0
61 1
62 1
63 0
64 0
65 2
66 0
67 1
68 1
69 1
70 2
71 1
72 1
73 2
74 0
75 0
76 0
77 2
78 1
79 1
80 0
81 1
82 0
83 1
84 1
85 0
86 0
87 0
88 1
89 1
90 0
91 2
92 0
93 0
94 1
95 1
96 2
97 0
98 2
99 0
100 0
101 1
102 2
103 2
104 1
105 0
106 1
107 1
108 0
109 2
110 2
111 1
112 1
113 2
114 1
115 2
116 0
117 1
118 1
119 1
120 1
121 2
122 0
123 1
124 1
125 2
126 1
127 1
128 1
129 1
130 2
131 2
132 1
133 1
134 1
135 0
136 1
137 1
138 1
139 1
140 2
141 2
142 1
143 0
144 0
145 0
146 2
147 1
148 1
149 2
150 2
151 0
152 1
153 0
154 2
155 1
156 0
157 0
158 0
159 1
160 2
161 2
162 1
163 0
164 0
165 2
166 2
167 0
168 0
169 1
170 0
171 2
172 1
173 0
174 2
175 2
176 1
177 2
178 2
179 1
180 0
181 0
182 0
183 1
184 2
185 2
186 2
187 0
188 2
189 0
190 2
191 0
192 1
193 0
194 1
195 2
196 2
197 1
198 0
199 1
200 1
201 2
202 0
203 0
204 2
205 0
206 0
207 2
208 1
209 0
210 1
211 2
212 2
213 1
214 0
215 2
216 0
217 2
218 2
219 0
220 2
221 2
222 1
223 0
224 0
225 0
226 2
227 2
228 2
229 2
230 1
231 0
232 2
233 1
234 1
235 2
236 2
237 0
238 1
239 0
240 1
241 0
242 1
243 1
244 0
245 0
246 2
247 0
248 0
249 0
250 2
251 0
252 0
253 1
254 1
255 2
256 2
257 0
258 0
259 1
260 1
261 2
262 1
263 1
264 0
265 0
266 2
267 2
268 0
269 1
270 2
271 1
272 2
273 1
274 1
275 1
276 0
277 0
278 2
279 1
280 2
281 0
282 1
283 0
284 1
285 2
286 1
